optim: {'lambda': 1e-06, 'lr_coeffs': 0.002, 'thresh_func': <function <lambda> at 0x7fd7d4b6bf28>, 'kappa': 1, 'betas_coeffs': (0.9, 0.999), 'mse_only_iterations': None, 'max_iterations': 100001, 'final_run_iterations': 10001, 'use_lstsq_approx': False}
network: {'hidden_dim': 30, 'pre-trained_network': None, 'layers': 4}
library: {'type': <function mech_library at 0x7fd7d7236620>, 'diff_order': 3, 'coeff_sign': 'positive', 'input_type': 'Strain', 'input_expr': <function <lambda> at 0x7fd7d7d961e0>, 'strain_array': array([[ 5.53238901e-03],
       [ 3.67990548e-02],
       [-1.60305385e-02],
       [ 2.23583718e-02],
       [ 4.90294237e-02],
       [-9.88219934e-02],
       [ 2.08018015e-02],
       [ 5.17044643e-03],
       [ 4.83726722e-03],
       [ 2.73468337e-02],
       [ 4.35072217e-02],
       [ 4.97297148e-02],
       [ 1.53899770e-02],
       [-3.15872400e-02],
       [ 1.93608606e-02],
       [-3.18246643e-02],
       [ 5.65352453e-02],
       [ 1.21524430e-02],
       [ 2.03787156e-02],
       [ 3.72803301e-02],
       [ 4.44229952e-02],
       [ 3.32428015e-02],
       [ 7.82438633e-03],
       [-1.07331850e-02],
       [-2.78838840e-02],
       [ 3.63622096e-02],
       [ 1.20924379e-02],
       [-3.07607556e-03],
       [ 2.20065074e-02],
       [ 6.92595377e-02],
       [-5.32537055e-03],
       [-1.25022600e-02],
       [-2.01510075e-02],
       [ 7.19977306e-01],
       [-2.45431459e-02],
       [-5.39861023e-02],
       [ 3.69661549e-02],
       [-1.94058357e-02],
       [-2.20799158e-02],
       [-3.34004553e-02],
       [ 6.37685232e-02],
       [ 7.04947066e-02],
       [ 1.19883197e-01],
       [-3.14012064e-02],
       [ 4.85281786e-02],
       [ 5.12065442e-02],
       [-2.35211212e-02],
       [-2.03838140e-02],
       [-3.00672564e-02],
       [-2.81546964e-02],
       [ 2.74179103e-02],
       [ 4.18132428e-03],
       [ 1.58006330e-03],
       [ 3.69607429e-02],
       [ 6.64886625e-03],
       [-7.79194553e-02],
       [ 3.67774123e-02],
       [-6.99404973e-03],
       [-8.10419814e-02],
       [ 3.70237932e-02],
       [-3.96121940e-02],
       [ 7.06278173e-02],
       [-3.00496758e-02],
       [ 1.61470570e-02],
       [-3.32125101e-02],
       [-4.74100106e-03],
       [ 5.22073770e-02],
       [ 3.35014822e-01],
       [ 1.27216368e-01],
       [-3.22018559e-02],
       [ 1.19990637e-01],
       [ 2.28456519e-01],
       [ 3.43416567e-02],
       [-3.52094359e-03],
       [ 1.09323652e-02],
       [ 1.27938808e-02],
       [-8.80767326e-03],
       [ 4.67169347e-03],
       [-4.00630300e-03],
       [ 3.73881535e-02],
       [-8.99395496e-02],
       [-9.12977841e-02],
       [ 8.10260670e-01],
       [-2.78974002e-02],
       [ 9.26324038e-01],
       [ 3.01739832e-02],
       [-2.15202907e-01],
       [-1.65370153e-02],
       [-4.14712210e-03],
       [ 6.66093427e-02],
       [ 3.10668238e-01],
       [-4.21934290e-02],
       [ 5.78129745e-02],
       [ 1.10191715e-01],
       [-1.34889307e-01],
       [ 2.88450727e-02],
       [-2.47603617e-02],
       [-4.93634529e-02],
       [-2.77171745e-02],
       [ 3.45883768e-01],
       [-9.13251856e-02],
       [ 5.95166745e-01],
       [-3.19138580e-02],
       [-4.82878297e-03],
       [-6.50273520e-02],
       [-6.02764697e-02],
       [-2.55137316e-02],
       [ 2.91856627e-01],
       [-4.48278597e-02],
       [ 1.32194740e-02],
       [ 1.16176608e-01],
       [ 5.00341485e-02],
       [-1.82030278e-02],
       [ 3.62782581e-02],
       [ 4.18278123e-03],
       [ 4.80809136e-02],
       [-7.99221951e-02],
       [-1.25106692e-02],
       [ 3.53041812e-02],
       [ 1.99999158e-04],
       [-9.04384331e-02],
       [ 9.97050900e-02],
       [-9.12948743e-02],
       [-8.36720169e-03],
       [-3.93787239e-02],
       [-4.24777010e-02],
       [ 4.87014867e-02],
       [ 3.73644802e-02],
       [-1.98973117e-02],
       [-1.65436515e-01],
       [ 6.66453922e-02],
       [-3.04269085e-02],
       [ 3.27965995e-02],
       [ 7.18061661e-03],
       [-1.96952592e-01],
       [ 3.74120090e-02],
       [ 8.28234338e-01],
       [ 1.87585946e-02],
       [ 4.46167775e-02],
       [ 2.75274596e-02],
       [ 3.50581101e-02],
       [-1.46162683e-02],
       [-2.95593864e-02],
       [ 7.06665354e-02],
       [-3.24274051e-02],
       [-1.89230266e-02],
       [ 6.36492417e-01],
       [ 6.95368968e-02],
       [ 1.26175005e-01],
       [-2.30544327e-03],
       [ 1.62928615e-02],
       [ 1.17329833e-01],
       [-2.01817920e-01],
       [-4.13124816e-02],
       [ 7.11097779e-03],
       [ 1.22316112e-01],
       [-1.79105718e-01],
       [-1.84257100e-01],
       [ 3.88089440e-02],
       [-1.04424681e-02],
       [ 7.07524062e-02],
       [ 3.16266218e-02],
       [-8.83923736e-03],
       [ 1.28370487e-01],
       [ 3.64961441e-01],
       [ 1.09959996e-02],
       [-1.93742629e-01],
       [ 8.87564645e-01],
       [ 1.21842191e-01],
       [-4.22610294e-02],
       [-2.75605564e-02],
       [ 3.43866403e-02],
       [ 1.24666958e-01],
       [-7.34484805e-03],
       [-2.68837599e-02],
       [-1.18175857e-02],
       [ 2.16128072e-02],
       [ 1.69649056e-02],
       [-2.79279106e-02],
       [-1.37480205e-02],
       [ 3.32375687e-02],
       [-5.24796575e-02],
       [-3.05063512e-02],
       [-6.77906469e-02],
       [-2.86091223e-02],
       [-2.70025312e-02],
       [ 3.67625624e-02],
       [ 1.49991833e-01],
       [-1.52232550e-02],
       [-3.44250883e-02],
       [ 4.79573273e-02],
       [-1.79754373e-02],
       [-1.24061396e-02],
       [ 3.36347573e-02],
       [ 2.21338294e-02],
       [ 6.20874860e-02],
       [-2.60374969e-02],
       [-8.00797415e-04],
       [ 9.75150088e-03],
       [-1.48287311e-02],
       [-1.64432294e-01],
       [ 4.04925368e-02],
       [-4.07835599e-02],
       [ 6.43449671e-02],
       [-1.27149050e-02],
       [ 9.54197674e-01],
       [-4.44261185e-02],
       [-1.86592624e-01],
       [ 3.16592606e-02],
       [ 3.73456688e-02],
       [ 2.28162612e-02],
       [-7.34923032e-02],
       [ 7.76869934e-02],
       [ 1.30530989e-01],
       [ 1.25861400e-01],
       [-2.16608619e-01],
       [ 9.89742548e-03],
       [ 4.89998226e-02],
       [-3.13202431e-02],
       [ 6.44112420e-01],
       [-1.80356874e-03],
       [-1.94404040e-01],
       [-8.58630025e-02],
       [ 5.70717571e-02],
       [-3.14749760e-02],
       [ 9.82250912e-03],
       [-2.45972946e-02],
       [-3.97627617e-02],
       [-1.44896165e-02],
       [ 3.59629812e-02],
       [ 8.89469819e-02],
       [-7.45436389e-02],
       [-1.51333300e-01],
       [ 1.16286126e-01],
       [ 1.18096774e-02],
       [-1.94143988e-02],
       [-3.09290901e-02],
       [ 3.66582435e-02],
       [ 4.91920484e-02],
       [-1.08308674e-02],
       [ 2.72534481e-02],
       [ 2.49919274e-02],
       [ 6.88455452e-02],
       [ 8.01952109e-03],
       [-5.65278479e-02],
       [-2.44727639e-02],
       [ 3.60724704e-02],
       [-5.78519712e-02],
       [-3.16075898e-02],
       [-9.06862355e-02],
       [ 2.65438115e-02],
       [ 4.46998474e-02],
       [-1.84121029e-02],
       [ 4.89029363e-02],
       [ 4.52922514e-02],
       [ 1.15346116e-01],
       [-3.68244258e-02],
       [-4.18493649e-02],
       [ 3.37385375e-02],
       [ 3.66261980e-02],
       [-5.79405701e-02],
       [ 3.86831781e-01],
       [-3.56842638e-02],
       [ 7.06106140e-02],
       [-2.85570415e-02],
       [-3.63107072e-02],
       [ 3.57563754e-02],
       [ 3.07973638e-01],
       [ 1.24601330e-01],
       [ 1.34508120e-02],
       [-8.45140921e-02],
       [ 4.16182577e-02],
       [-8.19140971e-02],
       [-3.97697191e-02],
       [-1.49210929e-02],
       [-3.25141330e-02],
       [ 7.04247864e-02],
       [ 2.39159791e-02],
       [-7.87463632e-02],
       [-6.35903137e-02],
       [-2.29421976e-02],
       [ 4.76605409e-02],
       [-1.68229639e-02],
       [ 1.10584939e-01],
       [-1.58168623e-01],
       [ 2.93324016e-02],
       [-1.72191151e-01],
       [-7.01591800e-02],
       [ 9.31616105e-01],
       [ 3.62205481e-02],
       [-3.18091920e-02],
       [-3.35250810e-02],
       [ 9.46375849e-01],
       [ 1.10974390e-01],
       [ 3.71636802e-04],
       [ 3.97677090e-02],
       [ 1.20537997e-01],
       [-4.37525769e-02],
       [ 8.28333252e-02],
       [ 3.54051819e-01],
       [-5.31646153e-02],
       [-1.03760399e-02],
       [-3.31201740e-02],
       [-2.03230018e-02],
       [ 3.07865509e-02],
       [ 6.10593663e-03],
       [ 2.48636310e-02],
       [ 9.50553012e-02],
       [ 1.99999794e-04],
       [-1.36305813e-02],
       [-2.09990094e-01],
       [-2.61249278e-02],
       [-3.05423836e-02],
       [-2.09395721e-01],
       [ 3.44006240e-02],
       [ 5.44642715e-02],
       [ 6.64524212e-02],
       [ 2.10357205e-01],
       [-4.95161126e-02],
       [ 4.83057115e-02],
       [ 1.68272642e-02],
       [ 6.71661100e-01],
       [-6.94678235e-02],
       [ 2.60772086e-02],
       [ 4.34232110e-02],
       [-5.78742915e-02],
       [ 4.90273118e-02],
       [-3.87351961e-02],
       [-4.40132861e-02],
       [-2.18588924e-02],
       [-3.21531193e-02],
       [-1.20714064e-01],
       [ 2.85466874e-02],
       [-3.11858140e-02],
       [ 1.28355635e-01],
       [-4.23687323e-02],
       [-8.78025082e-03],
       [-4.05639253e-02],
       [ 4.71899769e-02],
       [-2.16371191e-02],
       [ 9.42844635e-01],
       [-2.45191984e-02],
       [ 1.35733497e-03],
       [ 3.37329631e-02],
       [-2.50997130e-02],
       [ 3.44391984e-02],
       [-1.56380666e-02],
       [-8.96772462e-02],
       [-5.72744737e-02],
       [ 5.36994045e-02],
       [-1.91044508e-03],
       [-3.95445467e-03],
       [-1.94731495e-02],
       [-4.50517330e-02],
       [-1.20213582e-02],
       [ 5.79550877e-02],
       [-4.80585101e-03],
       [ 8.31968935e-02],
       [-2.13363242e-02],
       [-6.87505528e-02],
       [-3.78479660e-02],
       [-5.47374961e-02],
       [ 3.70571782e-02],
       [-3.39466216e-02],
       [-5.12763083e-02],
       [ 6.60183169e-02],
       [ 3.67066533e-02],
       [ 9.96781509e-02],
       [-2.95274523e-02],
       [-2.79204968e-02],
       [ 4.26233130e-02],
       [ 2.07144611e-02],
       [-3.96690231e-02],
       [ 4.87685884e-02],
       [-6.53077839e-02],
       [-1.57128109e-01],
       [ 5.83210337e-03],
       [ 9.71594115e-03],
       [-4.49682219e-02],
       [-1.57771393e-02],
       [-1.86564670e-01],
       [-9.07517683e-02],
       [-4.63605520e-02],
       [-1.41082152e-01],
       [ 8.60949165e-03],
       [ 1.00713682e-02],
       [ 2.69119951e-03],
       [-1.85646505e-02],
       [ 5.97780836e-01],
       [ 4.22452717e-02],
       [-9.30390510e-03],
       [-1.53929318e-02],
       [ 7.70039281e-01],
       [ 1.19861940e-03],
       [-4.08169202e-02],
       [ 2.44827262e-02],
       [ 2.92898549e-02],
       [ 4.66964430e-04],
       [-3.17309634e-02],
       [-6.46428901e-02],
       [-1.82651116e-01],
       [-9.09787219e-02],
       [ 3.70215359e-02],
       [-4.12499476e-02],
       [ 9.64342720e-01],
       [ 1.14656907e-01],
       [ 3.53384484e-02],
       [ 1.28105973e-01],
       [-5.24250440e-02],
       [-2.11500593e-01],
       [-8.64303031e-03],
       [-4.00348310e-02],
       [-4.61193876e-02],
       [-3.73491598e-02],
       [-2.40397612e-03],
       [ 6.91278865e-01],
       [-1.63836058e-02],
       [-6.82919228e-03],
       [-4.17971586e-02],
       [ 1.06056605e-01],
       [ 6.25983350e-02],
       [-2.73356350e-02],
       [-9.55166248e-03],
       [ 8.24302974e-01],
       [-1.31279436e-02],
       [ 3.16809931e-02],
       [ 1.45093228e-01],
       [ 2.65212321e-01],
       [-6.54628262e-03],
       [ 1.08169737e-01],
       [ 6.76599967e-01],
       [ 2.34293634e-02],
       [ 5.12345562e-02],
       [ 2.14413379e-02],
       [-5.78391723e-02],
       [-3.55361660e-02],
       [-2.02609714e-02],
       [-3.68451993e-02],
       [ 1.54578409e-02],
       [-2.26246771e-02],
       [ 3.68645377e-02],
       [ 2.61568970e-02],
       [-2.15486192e-01],
       [ 1.85430319e-02],
       [ 3.74740292e-02],
       [ 3.23695663e-03],
       [-3.34857018e-02],
       [-2.63582996e-02],
       [-5.17516474e-02],
       [-7.22412701e-02],
       [ 8.52881343e-01],
       [-4.02546440e-02],
       [ 6.96890167e-02],
       [-3.00517544e-03],
       [ 3.24174076e-01],
       [-4.58167343e-02],
       [-2.13493017e-02],
       [-3.59759843e-02],
       [ 2.22391941e-02],
       [-9.01805046e-02],
       [-2.92297866e-02],
       [ 2.22496365e-02],
       [ 1.65571042e-02],
       [-1.20287791e-02],
       [-1.35066907e-01],
       [-1.30935587e-03],
       [ 1.11741892e-01],
       [ 1.53602225e-02],
       [ 4.49973253e-02],
       [ 3.09801268e-02],
       [ 9.83625126e-01],
       [-1.59379967e-02],
       [ 1.10798356e-01],
       [ 6.33979967e-02],
       [-4.12982442e-02],
       [-3.29666606e-02],
       [-1.42438089e-01],
       [ 3.52788906e-02],
       [-3.52210760e-02],
       [-4.74050965e-02],
       [ 3.29858590e-02],
       [-4.76580178e-02],
       [-2.12444382e-01],
       [-2.16882886e-01],
       [ 5.66171381e-01],
       [ 8.51042463e-01],
       [ 8.18338198e-01],
       [-3.85511343e-02],
       [-4.82338901e-03],
       [-2.95918669e-02],
       [ 8.04110789e-01],
       [ 4.45251958e-02],
       [ 4.85788812e-02],
       [ 6.91637839e-03],
       [-7.57932500e-02],
       [-7.85975472e-03],
       [ 9.15313911e-02],
       [-3.83140887e-02],
       [ 7.72229320e-01],
       [ 5.24719006e-02],
       [-1.84135043e-02],
       [-2.46704123e-02],
       [ 2.79928425e-02],
       [ 6.18548488e-01],
       [ 9.00277663e-01],
       [-5.77711955e-02],
       [ 2.50896899e-02],
       [ 4.61816384e-03],
       [-3.43262230e-02],
       [ 1.20995332e-02],
       [-5.56206295e-02],
       [-4.18217413e-03],
       [-4.73482532e-02],
       [-4.63452300e-02],
       [-3.37105252e-02],
       [ 3.36247712e-03],
       [ 5.64218229e-02],
       [ 7.04753572e-02],
       [-3.01589033e-02],
       [-3.57544105e-02],
       [-2.30186414e-02],
       [-8.35597916e-03],
       [ 1.49041082e-02],
       [ 3.78320767e-02],
       [ 9.27437274e-02],
       [-2.46627177e-02],
       [ 2.87476927e-02],
       [ 4.72286968e-02],
       [ 7.59504605e-03],
       [-3.81995467e-02],
       [ 5.79035092e-02],
       [ 3.58266928e-02],
       [-6.59765557e-03],
       [-1.17660111e-01],
       [ 4.33414292e-01],
       [ 6.09423595e-02],
       [-3.29921376e-02],
       [ 3.71135147e-02],
       [ 3.74686610e-02],
       [ 1.27424770e-01],
       [-2.15115815e-01],
       [ 3.60289482e-02],
       [ 3.74546067e-02],
       [-4.23486641e-02],
       [ 9.92847199e-01],
       [-3.88648927e-02],
       [ 1.28155854e-01],
       [ 7.56737143e-01],
       [-3.26330064e-02],
       [ 3.74293950e-02],
       [ 9.45665103e-03],
       [ 4.79908273e-01],
       [-1.60221003e-03],
       [-2.85198161e-02],
       [-1.31057530e-01],
       [-7.25769257e-02],
       [-4.40626439e-03],
       [-2.16014999e-01],
       [-8.67474679e-02],
       [-5.75703587e-02],
       [-2.60193210e-02],
       [-4.06644992e-02],
       [-8.77801553e-02],
       [ 6.08894711e-02],
       [ 3.72016384e-02],
       [-5.26349633e-02],
       [-5.20499952e-03],
       [-2.10323122e-01],
       [-1.35070497e-02],
       [-4.15921344e-02],
       [ 4.89744305e-02],
       [-7.18139432e-02],
       [ 1.72263714e-02],
       [ 4.75867008e-02],
       [-9.06633708e-02],
       [-1.34112918e-03],
       [-2.15879333e-02],
       [-9.74126462e-03],
       [ 2.70996420e-02],
       [ 3.71852554e-02],
       [-1.84809643e-02],
       [-2.20353668e-03],
       [-1.13722236e-02],
       [ 5.05167218e-02],
       [ 9.16192005e-02],
       [-3.23233147e-02],
       [ 1.86596514e-02],
       [ 1.98411518e-02],
       [ 1.08594204e-01],
       [-9.54110002e-03],
       [-1.61283884e-02],
       [-3.10133289e-02],
       [-3.94769996e-02],
       [ 1.60503151e-02],
       [ 1.16322105e-02],
       [-1.60662761e-01],
       [-1.83930268e-01],
       [ 9.75686349e-01],
       [ 3.40611044e-02],
       [-2.57064097e-02],
       [ 2.95282666e-02],
       [ 1.02254182e-02],
       [ 5.33961117e-02],
       [ 1.28123900e-01],
       [-5.08620281e-02],
       [-7.37211684e-02],
       [-4.58632608e-02],
       [-2.76510174e-02],
       [-2.97304962e-02],
       [-4.01224574e-02],
       [-6.16544247e-02],
       [-4.47227336e-02],
       [-5.30329343e-03],
       [-3.71392267e-02],
       [ 2.46747452e-01],
       [-1.37856104e-01],
       [ 1.10758261e-02],
       [ 9.77275418e-03],
       [-4.13734167e-02],
       [-5.79026585e-02],
       [-2.14917052e-01],
       [ 5.18371272e-02],
       [ 3.01765764e-02],
       [-2.53330472e-02],
       [ 1.27925431e-01],
       [-2.04656158e-01],
       [ 5.80623598e-02],
       [ 6.47590600e-02],
       [-2.14821847e-01],
       [ 7.83645503e-03],
       [ 7.07809444e-02],
       [-3.30867506e-02],
       [-4.97335961e-02],
       [-6.00172905e-03],
       [ 3.20809176e-02],
       [-3.46165742e-02],
       [-5.69217205e-02],
       [ 1.67305087e-01],
       [ 2.74974582e-02],
       [-4.67834793e-02],
       [ 3.07482024e-02],
       [-3.19835217e-02],
       [-9.66850774e-03],
       [-2.10049762e-02],
       [ 6.10220370e-02],
       [-1.87442477e-02],
       [-1.73716897e-02],
       [-1.71763329e-01],
       [ 1.21326432e-01],
       [ 1.12059442e-01],
       [-7.31351710e-02],
       [-3.09313524e-02],
       [-3.05396039e-02],
       [-3.18111770e-02],
       [-3.07679169e-02],
       [-9.99159536e-04],
       [ 7.09063242e-02],
       [ 1.09394032e-01],
       [-6.26888409e-02],
       [-4.31733493e-03],
       [ 1.18964935e-01],
       [ 4.24674086e-02],
       [-2.44017110e-02],
       [-2.15551952e-01],
       [ 8.97163568e-01],
       [-8.90994125e-03],
       [ 7.29335317e-01],
       [-5.68282674e-02],
       [ 2.55763692e-02],
       [-1.19735219e-01],
       [ 6.28829575e-01],
       [-2.65265935e-02],
       [-2.15639080e-02],
       [ 3.27567189e-02],
       [-1.05614233e-03],
       [-3.10900355e-02],
       [-1.53850793e-01],
       [-8.00716465e-04],
       [-3.28584951e-02],
       [ 3.15676715e-02],
       [ 2.62564513e-01],
       [ 2.19532900e-03],
       [ 2.62422560e-02],
       [-2.24768217e-02],
       [ 2.98290096e-02],
       [-3.00289266e-02],
       [ 1.84864715e-02],
       [-8.92866269e-02],
       [-2.35704377e-02],
       [ 8.79275957e-01],
       [ 1.40216645e-01],
       [-4.14795852e-02],
       [ 2.25858763e-01],
       [ 3.67535908e-02],
       [ 1.97511024e-02],
       [-3.18261018e-02],
       [ 4.42193186e-03],
       [-2.06643523e-02],
       [-2.16499521e-01],
       [-1.83842416e-02],
       [ 9.93273271e-01],
       [ 5.87301686e-01],
       [ 8.12293251e-01],
       [ 2.94480632e-02],
       [ 1.26020429e-01],
       [-4.08413555e-02],
       [-2.60773513e-02],
       [ 3.46203577e-02],
       [-1.27466471e-02],
       [-5.75904873e-02],
       [ 2.70878295e-02],
       [-1.81206172e-01],
       [-2.92553566e-02],
       [-3.38007223e-02],
       [ 9.03001924e-02],
       [ 9.51113538e-02],
       [ 9.45266130e-02],
       [-2.80828033e-03],
       [-5.79661566e-02],
       [ 4.33009228e-02],
       [ 9.85522843e-01],
       [-2.15714398e-01],
       [-5.62408245e-02],
       [-4.17484147e-02],
       [ 3.61351504e-02],
       [ 3.36405901e-02],
       [ 7.41008444e-02],
       [-5.66251563e-02],
       [-3.20913302e-02],
       [-7.70062527e-02],
       [-1.63117489e-01],
       [-1.59484602e-02],
       [ 1.68795728e-02],
       [-3.52355206e-02],
       [ 2.77442891e-02],
       [-1.91554672e-01],
       [-3.98549788e-02],
       [ 2.68927656e-02],
       [-2.83842490e-02],
       [ 4.76159617e-02],
       [ 5.51180532e-02],
       [ 2.89179400e-01],
       [-1.18753861e-01],
       [ 2.92991543e-02],
       [-8.96297449e-03],
       [-1.08866158e-02],
       [ 4.28576099e-02],
       [ 4.21062823e-02],
       [-3.89706365e-02],
       [-4.19333272e-02],
       [ 4.78792498e-02],
       [ 2.33115032e-02],
       [-2.84546518e-02],
       [-4.82869247e-02],
       [-2.10490236e-01],
       [-2.89842237e-02],
       [ 1.19426048e-01],
       [ 9.91956081e-01],
       [ 9.57369171e-01],
       [-7.84068613e-02],
       [-2.82325710e-02],
       [-3.27956230e-02],
       [-4.00792298e-02],
       [ 4.83572299e-02],
       [-2.90882773e-02],
       [ 4.17948232e-02],
       [ 4.01927723e-02],
       [ 1.62898450e-02],
       [ 1.99999960e-04],
       [ 7.15972171e-02],
       [-8.23622587e-02],
       [-6.72882396e-02],
       [-3.19817426e-02],
       [ 4.00524782e-01],
       [-9.12341163e-02],
       [ 8.31797622e-03],
       [ 2.94758637e-02],
       [-5.61115074e-02],
       [ 5.92778493e-02],
       [ 1.27298333e-01],
       [ 3.72900548e-02],
       [ 3.03133571e-02],
       [ 1.18547167e-01],
       [ 7.49984286e-01],
       [-3.69753702e-02],
       [ 2.38886143e-01],
       [ 9.91013066e-01],
       [ 1.80282839e-03],
       [-4.86114002e-02],
       [ 4.22451025e-01],
       [ 1.86317608e-03],
       [ 4.86197801e-02],
       [ 5.50187905e-01],
       [-1.18450457e-02],
       [ 4.67622387e-03],
       [ 4.82634295e-01],
       [ 3.22510859e-02],
       [ 3.38478402e-02],
       [-1.89206777e-02],
       [ 4.26742546e-02],
       [-5.79192760e-02],
       [ 1.00156461e-01],
       [-1.99313997e-02],
       [ 4.19348887e-02],
       [-8.13402057e-03],
       [ 4.60792875e-01],
       [ 2.64597009e-02],
       [-3.70168431e-02],
       [ 1.06769213e-02],
       [ 3.20662131e-02],
       [-9.36783055e-03],
       [ 1.36433615e-02],
       [-1.33621702e-01],
       [ 7.43165425e-01],
       [-9.13078769e-02],
       [ 6.09503105e-02],
       [-3.11722759e-02],
       [ 2.92308779e-02],
       [-3.46316897e-02],
       [ 2.77433418e-02],
       [-1.90999676e-01],
       [ 2.78384022e-02],
       [ 2.27644028e-02],
       [ 1.19710488e-01],
       [-1.97565496e-01],
       [ 3.71724419e-02],
       [ 8.72458933e-01],
       [-1.31868902e-02],
       [ 8.37902056e-01],
       [ 5.03368628e-02],
       [-4.32161502e-02],
       [ 2.34909621e-02],
       [ 9.27664273e-01],
       [ 9.68057047e-01],
       [ 9.77243764e-01],
       [ 4.87950944e-02],
       [-2.55073437e-02],
       [ 3.85976823e-02],
       [-1.37773621e-02],
       [ 5.92482391e-02],
       [-5.63602388e-02],
       [ 6.17619434e-02],
       [ 4.69745206e-02],
       [ 3.48004286e-02],
       [ 8.62068176e-02],
       [-9.42494611e-02],
       [-4.76088585e-02],
       [ 2.96378753e-02],
       [ 2.06465304e-02],
       [ 4.56873308e-02],
       [ 9.69839842e-01],
       [-2.16404762e-01],
       [ 8.82622679e-01],
       [ 1.69799142e-01],
       [-1.78394844e-01],
       [-3.24603761e-02],
       [-1.07864690e-02],
       [ 4.62177722e-02],
       [-7.31395312e-03],
       [ 3.24603971e-02],
       [ 1.54912096e-01],
       [-8.52745333e-02],
       [-1.84597373e-01],
       [ 1.25551682e-01],
       [ 2.50770297e-02],
       [-1.29403753e-01],
       [ 1.62332294e-01],
       [ 4.88549355e-02],
       [ 7.22077011e-02],
       [ 6.55704233e-02],
       [-1.80326104e-03],
       [-3.36414825e-02],
       [-3.35247971e-02],
       [ 8.45296307e-02],
       [-2.75340484e-02],
       [-3.13261649e-02],
       [-3.78472527e-02],
       [ 3.51298444e-02],
       [ 3.70408385e-02],
       [ 1.10415882e-02],
       [-4.89860400e-02],
       [ 1.42882485e-02],
       [ 6.56713046e-01],
       [-1.53081177e-03],
       [ 5.66005421e-02],
       [ 6.50603594e-03],
       [ 3.71417631e-02],
       [-9.12078318e-03],
       [ 5.54683306e-02],
       [ 2.75812101e-02],
       [ 1.23666505e-02],
       [-5.73521518e-02],
       [ 2.16517143e-02],
       [-2.75243541e-02],
       [-3.34085678e-02],
       [-2.70257511e-02],
       [-2.82252701e-02],
       [ 1.74919411e-02],
       [-2.05173219e-02],
       [ 4.43538536e-02],
       [ 5.15940707e-03],
       [ 9.99763052e-01],
       [ 3.40680591e-02],
       [ 3.59429283e-02],
       [-8.88185388e-02],
       [-3.36824713e-02],
       [-1.87653681e-02],
       [-1.90951733e-01],
       [ 4.59473115e-02],
       [-5.79599227e-02],
       [-1.91076876e-02],
       [ 8.14317064e-01],
       [-1.81895470e-01],
       [ 7.09029287e-02],
       [ 4.44372673e-01],
       [-5.52700370e-02],
       [ 6.41618681e-02],
       [-2.73148848e-02],
       [ 3.95144448e-02],
       [ 5.08843662e-02],
       [-4.23871374e-02],
       [ 6.69519216e-03],
       [-4.55078617e-02],
       [-7.98145945e-03],
       [-1.11784500e-02],
       [ 1.10693008e-02],
       [-3.54102561e-02],
       [ 2.85644629e-02],
       [ 8.47335746e-01],
       [ 5.76888170e-02],
       [ 7.03346902e-01],
       [ 1.20805173e-01],
       [-1.44324012e-02],
       [-8.21052988e-02],
       [ 3.64275170e-02],
       [-5.70964920e-02],
       [ 1.53107834e-03],
       [ 1.26570054e-02],
       [ 8.94006503e-01],
       [-3.06175922e-02],
       [-1.07905348e-02],
       [ 1.18844371e-01],
       [-1.26292598e-02],
       [-1.85914612e-01],
       [ 7.86211600e-03],
       [-1.99999889e-04],
       [ 2.80640775e-02],
       [-2.14031056e-01],
       [ 1.11223850e-01],
       [ 1.19187057e-02],
       [ 8.96775566e-02],
       [ 9.20849154e-01],
       [ 2.03312566e-02],
       [-7.38460983e-02],
       [ 1.87230371e-02],
       [-2.83369353e-02],
       [-4.21922529e-02],
       [-3.95127510e-02],
       [ 5.26024956e-01],
       [-5.21601916e-02],
       [ 1.28135696e-01],
       [-5.76312388e-02],
       [ 3.83099540e-02],
       [-7.34757531e-02],
       [-1.95603555e-01],
       [-2.03676705e-01],
       [ 6.94317729e-02],
       [ 6.02118408e-02],
       [-1.39784052e-02],
       [-6.74050744e-02],
       [ 1.75294266e-02],
       [ 3.73253733e-02],
       [ 2.95007417e-03],
       [ 2.91446836e-02],
       [-4.85566314e-04],
       [-3.74820702e-02],
       [-3.94140382e-02],
       [ 3.73533116e-02],
       [-5.79700975e-02],
       [ 1.38372602e-02],
       [ 3.70300121e-02],
       [ 2.02053127e-02],
       [ 8.65479265e-01],
       [ 6.11830208e-02],
       [-6.61479498e-02],
       [ 4.23097277e-02],
       [-3.86489728e-02],
       [ 2.01385769e-02],
       [-3.18765860e-02],
       [ 1.28373189e-01],
       [ 8.84042855e-02],
       [ 3.51327692e-01],
       [-3.29682350e-02],
       [ 6.83965652e-01],
       [ 2.43625220e-02],
       [ 3.13234319e-02],
       [ 3.92008149e-02],
       [ 2.15507868e-01],
       [ 3.00312995e-02],
       [-2.17080343e-01]])}
